000001
000002
000063
000066
000069
000100
000157
000166
000301
000333
000338
000425
000538
000568
000596
000625
000651
000661
000703
000708
000725
000768
000776
000783
000786
000800
000858
000876
000895
000938
000963
000977
001979
002001
002007
002008
002024
002027
002032
002044
002049
002050
002064
002120
002129
002142
002157
002179
002202
002230
002236
002241
002252
002271
002304
002311
002352
002371
002410
002414
002415
002459
002460
002466
002475
002493
002555
002568
002594
002600
002601
002602
002607
002624
002709
002714
002736
002791
002812
002821
002841
002916
002938
003816
300003
300014
300015
300033
300059
300122
300124
300142
300144
300274
300316
300347
300408
300413
300433
300450
300498
300529
300558
300595
300601
300628
300676
300677
300750
300759
300760
300782
300866
300888
300896
300999
600000
600009
600010
600011
600015
600016
600018
600019
600025
600028
600029
600030
600031
600036
600048
600050
600061
600079
600085
600104
600109
600111
600115
600132
600143
600150
600161
600176
600183
600196
600276
600309
600332
600346
600352
600362
600383
600406
600426
600436
600438
600489
600519
600547
600570
600584
600585
600588
600600
600606
600655
600660
600690
600741
600745
600760
600763
600795
600809
600837
600845
600848
600872
600886
600887
600893
600900
600905
600918
600919
600926
600958
600989
600999
601006
601009
601012
601021
601066
601088
601100
601108
601111
601138
601155
601162
601166
601169
601186
601211
601216
601225
601229
601231
601236
601238
601288
601318
601319
601328
601336
601360
601377
601390
601398
601600
601601
601607
601618
601628
601633
601658
601668
601669
601688
601696
601698
601728
601766
601788
601799
601800
601808
601816
601818
601838
601857
601865
601868
601877
601878
601881
601888
601898
601899
601901
601916
601919
601933
601939
601966
601985
601988
601989
601990
601995
601998
603019
603087
603160
603195
603233
603259
603260
603288
603338
603369
603392
603486
603501
603517
603658
603659
603799
603806
603833
603882
603899
603939
603986
603993
605499
688008
688009
688012
688036
688111
688126
688169
688363
688396
688561
688599
688981
